0.0546405
0.035159
0.0500453
0.0542284
0.0343099
0.0586695
0.0410702
0.0292957
0.0338914
0.0485847
0.0517856
0.0343314
0.0343384
0.0563184
0.0311949
0.0460011
0.0518553
0.0593868
0.0352149
0.0308751
0.0302099
0.0361811
0.0558505
0.0393589
0.0539215
0.035966
0.0652843
0.0347576
0.0517607
0.0292741
0.0592399
0.06755
0.0352767
0.0493231
0.0421364
0.0573713
0.0374856
0.15029
0.0463086
0.0518481
0.0719923
0.0417982
0.052995
0.285838
0.0741264
0.0572181
0.0810688
0.0654247
0.053123
0.0563191
0.0772514
0.0756046
0.055996
0.0532087
0.0442955
0.0957064
0.0294808
0.055299
0.0422936
0.0468287
0.041702
0.06057
0.0585558
0.0390992
0.035844
0.0597102
0.0586749
0.101822
0.0471084
0.131099
0.0429604
0.0887646
0.0998619
0.0464104
0.0982928
0.0520261
0.082239
0.0349575
0.0313011
0.064829
0.111426
0.170843
0.0493965
0.0823144
0.0537024
0.0798622
0.0524294
0.0750412
0.106387
0.0346397
0.104551
0.04693
0.0521644
0.0469974
0.0586807
0.0602904
0.0664591
0.0283586
0.175377
0.0535407
0.0458416
0.0538811
0.0346375
0.0926601
0.0725958
0.105754
0.127168
0.0447801
0.0759959
0.0627902
0.0450016
0.107599
0.0923902
0.0393093
0.134331
0.103761
0.0509053
0.0501654
0.0510495
0.0492585
0.176554
0.198488
0.0537847
0.0788988
0.0284947
0.0565717
0.039202
0.0612672
0.0363251
0.0709746
0.0440045
0.0443049
0.119119
0.0908753
0.0685607
0.0249237
0.0707934
0.0427068
0.0513819
0.0604411
0.165942
0.0372192
0.0813912
0.0448946
0.0859114
0.0337941
0.047862
0.0352922
0.0312104
0.0911996
0.0943179
0.0537993
0.0716369
0.0677028
0.0458786
0.218364
0.0341265
0.060548
0.0549481
0.0622605
0.0657262
0.0534709
0.108084
0.0358195
0.0656813
0.0435375
0.0664181
0.100738
0.0568578
0.0681719
0.068665
0.0339541
0.0627429
0.0683581
0.0857979
0.0483202
0.0693789
0.0624467
0.145354
0.071929
0.0748518
0.084741
0.0551761
0.147803
0.0889356
0.0331629
0.0670975
0.0527712
0.0663251
0.0552979
0.107527
0.0908613
0.0933852
0.0723433
0.0368375
0.101769
0.0447226
0.0551833
0.0562423
0.239227
0.155622
0.0424116
0.0599176
0.035605
0.103244
0.0529246
0.0456617
0.0657141
0.0454749
0.0716812
0.0506548
0.0466752
0.0459422
0.0335868
0.0338188
0.0480718
0.0368796
0.0311672
0.0369678
0.0548893
0.0239609
0.0555702
0.0662563
0.198626
0.0592058
0.035729
0.0297085
0.0822859
0.0362579
0.0238933
0.046538
0.0455275
0.107899
0.0968946
0.038979
0.0523802
0.138903
0.067107
0.0993482
0.0477782
0.0437263
0.0369766
0.0528618
0.0407951
0.0397831
0.0498873
0.0576158
0.17616
0.0762905
0.0745422
0.0537893
0.0562714
0.0710612
0.0444124
0.0520433
0.0568519
0.0657632
0.0487532
0.0413195
0.0329371
0.0649516
0.036929
0.0345659
0.0647512
0.100589
0.0720627
0.0333946
0.0741673
0.0494799
0.0434804
0.0537987
0.0838976
0.0650833
0.0576259
0.0395434
0.0419521
0.0430686
0.0377866
0.0529338
0.0783383
0.0305721
0.0603534
0.111889
0.118729
0.059451
0.0866456
0.0968341
0.0982849
0.138319
0.0525687
0.0482184
0.0623546
0.0709367
0.0663312
0.0386491
0.125666
0.0411843
0.0624207
0.0424972
0.0404894
0.0717307
0.0872738
0.0611075
0.03197
0.230166
0.069823
0.0700585
0.0728138
0.0455845
0.0818328
0.0986453
0.0555451
0.0521929
0.0509035
0.101502
0.0879938
0.127788
0.0626069
0.0420399
0.0523259
0.0480955
0.0719983
0.0895672
0.0654945
0.0561329
0.0574667
0.0678893
0.0993523
0.0425475
0.041204
0.0628998
0.0573452
0.060079
0.0874092
0.0328355
0.067144
0.0566203
0.041247
0.0320713
0.054597
0.0534316
0.0935914
0.0488807
0.0522064
0.0452633
0.0807285
0.0452665
0.0468772
0.0538145
0.034276
0.0383624
0.0561505
0.0910621
0.0448841
0.0388572
0.0614756
0.0446886
0.0614812
0.0449213
0.0355395
0.0452815
0.0579647
0.0372256
0.0764774
0.0364501
0.0419926
0.0565065
0.0340787
0.0450437
0.0403439
0.0288245
0.0466673
0.0484745
0.0342915
0.0598186
0.0355361
0.0673148
0.0364357
0.0471396
0.0613934
0.0517331
0.087448
0.0997817
0.05294
0.0520665
0.0763725
0.087115
0.145894
0.0703748
0.0765073
0.0651421
0.0403359
0.0753133
0.0447619
0.0594381
0.0554154
0.0803609
0.0433255
0.047639
0.0613605
0.0719896
0.0500336
0.191595
0.0466241
0.0917013
0.0696003
0.0524742
0.0317088
0.0225564
0.0381977
0.0431524
0.0427008
0.0623973
0.057538
0.159482
0.0696778
0.0551468
0.0805381
0.0689294
0.0319056
