0.0265923
0.019797
0.0268745
0.024131
0.0214002
0.0260595
0.0203967
0.0186403
0.020892
0.0338701
0.0260935
0.0214006
0.0264567
0.0350638
0.017072
0.0266435
0.0204552
0.0370334
0.0206613
0.0153575
0.0169966
0.0262896
0.039562
0.0214351
0.0245919
0.0188403
0.0310143
0.0215454
0.0265919
0.0177745
0.0365827
0.0356813
0.0222701
0.0277126
0.0252527
0.0370955
0.0229251
0.0854133
0.0226067
0.0362654
0.0358803
0.0290783
0.0400211
0.139325
0.042602
0.0380889
0.056337
0.0282242
0.0411778
0.0247145
0.0407687
0.0450214
0.0194469
0.0312568
0.0215951
0.048076
0.0163116
0.0255059
0.0263338
0.027906
0.0241164
0.0311481
0.0404791
0.0245314
0.0265054
0.0394159
0.0396423
0.0716061
0.0294496
0.0886666
0.0284463
0.0494304
0.0451784
0.0318317
0.0716534
0.0365467
0.0536902
0.0172855
0.021042
0.0375337
0.0770142
0.0952673
0.0302792
0.0487406
0.0246318
0.0468256
0.0306314
0.0503656
0.0422242
0.0218614
0.0479626
0.0229564
0.036455
0.0242465
0.028355
0.0374191
0.044698
0.0137428
0.12184
0.0338907
0.0293422
0.0328082
0.0245441
0.0561962
0.0326642
0.0641275
0.0684514
0.0264954
0.0393976
0.0321878
0.0212323
0.0712866
0.0571868
0.0230958
0.100571
0.0479759
0.0307963
0.0310195
0.033832
0.0373786
0.120474
0.0938774
0.0274153
0.0338259
0.0124154
0.0411039
0.0245894
0.0401361
0.0197584
0.0410024
0.0344104
0.0221329
0.0744956
0.048707
0.0370518
0.0158835
0.0406892
0.0215115
0.030035
0.0274037
0.0920776
0.0234399
0.0346005
0.0267548
0.0476859
0.0226338
0.0322054
0.0232644
0.0230117
0.0387471
0.0590886
0.032104
0.0367152
0.0404546
0.0213922
0.114842
0.0178621
0.0261174
0.03167
0.0383058
0.049225
0.0360346
0.0613793
0.0178155
0.0330841
0.0206313
0.0471791
0.0645323
0.0364472
0.0362529
0.028394
0.0239404
0.0313291
0.0396531
0.0498676
0.0243929
0.0387609
0.0349618
0.0989587
0.0349373
0.0577733
0.0468152
0.0334358
0.100024
0.0634339
0.0227214
0.0429334
0.0343217
0.0415496
0.0347616
0.0819822
0.07594
0.0628871
0.0460505
0.0193877
0.0446117
0.0267454
0.0331243
0.0387534
0.120943
0.061614
0.0270615
0.0353457
0.0162661
0.0496432
0.0284771
0.0244226
0.0448733
0.0320664
0.041388
0.0387973
0.0251406
0.0290932
0.0267999
0.0236138
0.0290167
0.0235466
0.0208705
0.0212659
0.036823
0.0130495
0.0377192
0.0398066
0.117659
0.0323899
0.0207446
0.0209208
0.0478404
0.0183326
0.0162807
0.0243453
0.0320762
0.0665071
0.0625132
0.0193993
0.036496
0.0613578
0.0383159
0.0533988
0.0221233
0.0311165
0.0192899
0.0288295
0.0230539
0.0242671
0.0266339
0.0379181
0.0998729
0.0431974
0.0344823
0.0257838
0.0327475
0.0403665
0.0216994
0.0323236
0.0321401
0.0376562
0.0318416
0.0176337
0.0192318
0.0397948
0.0201393
0.0200723
0.0270763
0.0391489
0.0285358
0.02024
0.0301665
0.0317021
0.0294573
0.0318437
0.050783
0.0346423
0.0444195
0.0225617
0.0277395
0.024153
0.0240831
0.028512
0.0541357
0.0173337
0.0353224
0.0871093
0.0739459
0.0318081
0.0464619
0.0525585
0.0395958
0.057697
0.0285157
0.031104
0.0368343
0.0439492
0.0362393
0.0226796
0.0674069
0.0224189
0.0232929
0.0275537
0.0181586
0.0364413
0.0456133
0.0360305
0.0216816
0.136472
0.0222569
0.0441618
0.030642
0.032725
0.0577642
0.0559853
0.039925
0.0338975
0.0289569
0.0648733
0.0401729
0.068212
0.0242752
0.0232926
0.0240109
0.0259357
0.0413749
0.0550044
0.0496306
0.0424349
0.0371375
0.0404537
0.0619787
0.0275442
0.0291031
0.0369929
0.0345571
0.027192
0.0430821
0.0167612
0.033889
0.0341022
0.0233043
0.023895
0.0292574
0.038545
0.0417898
0.0266187
0.038746
0.0236432
0.0386347
0.0283162
0.0260911
0.031765
0.0233642
0.0160094
0.0360603
0.0471031
0.0270666
0.0274652
0.0338414
0.0282174
0.0278994
0.0269922
0.0177835
0.027938
0.0353448
0.020869
0.0449249
0.0202448
0.0237168
0.0367367
0.019362
0.0352172
0.025552
0.0203632
0.032303
0.0312747
0.0257115
0.0449875
0.0257609
0.034771
0.0228762
0.0229044
0.029867
0.0336743
0.0554991
0.0693085
0.030666
0.0321061
0.0509139
0.047433
0.099552
0.0358266
0.0518413
0.0374174
0.0232708
0.0420208
0.0318681
0.0375893
0.0359737
0.0367409
0.0274194
0.0339688
0.041089
0.0278056
0.0322137
0.144061
0.0331347
0.0497792
0.0490702
0.0359618
0.0164676
0.0137735
0.0218034
0.0294741
0.029952
0.0349092
0.0356178
0.0643593
0.0465601
0.0407802
0.0553422
0.0454361
0.021411
